Webots Project File version R2023b
perspectives: 000000ff00000000fd000000030000000000000320000003f8fc0100000002fb0000001e00480074006d006c0052006f0062006f007400570069006e0064006f00770000000000000003200000000000000000fb0000001a0044006f00630075006d0065006e0074006100740069006f006e0000000000ffffffff0000000000000000000000010000023b00000182fc0200000001fb0000001400540065007800740045006400690074006f00720100000016000001820000008600ffffff00000003000005500000013afc0100000002fb0000000e0043006f006e0073006f006c00650100000000000005000000000000000000fb0000001a0043006f006e0073006f006c00650041006c006c0041006c006c0100000000000005500000006900ffffff000003130000018200000001000000020000000100000008fc00000000
simulationViewPerspectives: 000000ff0000000100000002000000fc0000049b0100000002010000000100
sceneTreePerspectives: 000000ff00000001000000030000001e00000123000000fa0100000002010000000200
maximizedDockId: -1
centralWidgetVisible: 1
orthographicViewHeight: 1
textFiles: 0 "controllers/epuck_go_forward/epuck_go_forward.py"
consoles: Console:All:All
renderingDevicePerspectives: e-puck:camera;0;5.23077;0.0487309;0.0191304
